awardid,yearid,lgid,playerid,pointswon,pointsmax,votesfirst
MVP,2005,AL,cantujo01,1,392,0.0
MVP,1972,AL,kalinal01,4,336,0.0
Rookie of the Year,1961,NL,curtija01,1,16,1.0
MVP,1922,AL,meusebo01,6,64,0.0
Cy Young,1993,NL,greento01,2,140,0.0
MVP,1960,AL,berrayo01,21,336,0.0
MVP,1958,NL,adcocjo01,2,336,0.0
MVP,1933,NL,traynpi01,20,80,
MVP,1982,AL,ripkeca01,3,392,0.0
MVP,2011,AL,teixema01,5,392,0.0
MVP,1973,AL,colemjo05,6,336,0.0
Cy Young,1999,AL,hernaro01,1,140,0.0
MVP,1947,AL,mitchda01,4,336,0.0
MVP,1985,NL,hernake01,61,336,0.0
Rookie of the Year,1987,NL,jamesch02,1,120,0.0
MVP,1947,AL,boudrlo01,168,336,1.0
MVP,2004,NL,pujolal01,247,448,1.0
MVP,1992,NL,daultda01,100,336,0.0
MVP,1955,NL,loganjo01,24,336,0.0
MVP,2000,NL,bondsba01,279,448,6.0
MVP,1953,NL,crandde01,1,336,0.0
MVP,1950,NL,newcodo01,14,336,0.0
MVP,2006,NL,wrighda03,70,448,0.0
Rookie of the Year,1955,NL,bessedo01,2,24,2.0
MVP,1964,AL,lockdo01,1,280,0.0
MVP,1948,AL,mccosba01,4,336,0.0
MVP,1950,NL,konstji01,286,336,18.0
MVP,1979,NL,seaveto01,9,336,0.0
MVP,2002,NL,vidrojo01,1,448,0.0
MVP,1913,NL,sweenbi02,6,64,0.0
MVP,1911,AL,austiji01,2,64,0.0
MVP,1990,NL,wallati01,36,336,0.0
MVP,2002,NL,schilcu01,53,448,0.0
MVP,1957,AL,mcdougi01,165,336,4.0
MVP,1932,NL,wanerll01,6,80,0.0
Cy Young,1980,AL,gurala01,1,140,0.0
MVP,1912,NL,tesreje01,6,64,0.0
Cy Young,1983,NL,mcmurcr01,3,120,0.0
MVP,1973,NL,brocklo01,65,336,0.0
MVP,1963,AL,foxne01,2,280,0.0
MVP,1912,NL,alexape01,1,64,0.0
MVP,1963,AL,rolliri01,5,280,0.0
Rookie of the Year,1991,AL,maynebr01,1,140,0.0
MVP,1962,AL,cashno01,3,280,0.0
MVP,1925,NL,friscfr01,13,80,
Cy Young,1978,NL,tekulke01,12,120,0.0
Rookie of the Year,1980,NL,oestero01,16,120,1.0
MVP,1938,NL,youngpe01,19,336,
MVP,1971,AL,hunteca01,1,336,0.0
MVP,1996,AL,knoblch01,8,392,0.0
Cy Young,1990,AL,clemero02,77,140,8.0
MVP,1990,AL,guilloz01,10,392,0.0
MVP,1963,NL,malonji01,7,280,0.0
MVP,1978,NL,suttebr01,5,336,0.0
MVP,1972,AL,otisam01,1,336,0.0
MVP,1942,AL,dickebi01,12,336,0.0
MVP,1970,AL,olivato01,157,336,5.0
Rookie of the Year,1991,NL,lankfra01,28,120,0.0
MVP,1942,AL,judniwa01,14,336,0.0
MVP,1980,AL,wilsowi02,169,392,1.0
MVP,1983,AL,dotsori01,3,392,0.0
MVP,2006,NL,jonesan01,29,448,0.0
MVP,1912,NL,merklfr01,4,64,0.0
Rookie of the Year,1994,NL,carrahe01,3,140,0.0
MVP,1942,NL,kurowwh01,6,336,0.0
MVP,1970,NL,gastoci01,5,336,0.0
Rookie of the Year,1953,NL,jablora01,3,24,3.0
Cy Young,1979,AL,koosmje01,5,140,0.0
MVP,1993,AL,molitpa01,209,392,0.0
MVP,1952,AL,sainjo01,3,336,0.0
MVP,1922,AL,heilmha01,8,64,
MVP,1965,AL,batteea01,22,280,0.0
Cy Young,1982,AL,quiseda01,40,140,4.0
MVP,1985,AL,murraed02,130,392,0.0
Rookie of the Year,1991,NL,barbebr01,3,120,0.0
MVP,1984,AL,mattido01,113,392,0.0
Rookie of the Year,2006,NL,cainma01,4,160,0.0
MVP,1962,AL,bunniji01,8,280,0.0
MVP,1963,AL,kalinal01,148,280,1.0
Rookie of the Year,1997,NL,morrima01,25,140,0.0
Rookie of the Year,1995,AL,radkebr01,1,140,0.0
MVP,1927,AL,orourfr01,6,64,0.0
MVP,1961,NL,spahnwa01,31,224,0.0
Cy Young,1988,NL,hershor01,120,120,24.0
MVP,1939,AL,cronijo01,15,336,0.0
MVP,1935,AL,aukerel01,2,80,0.0
MVP,1964,AL,radatdi01,37,280,0.0
MVP,1962,AL,donovdi01,64,280,0.0
MVP,1994,NL,morriha02,18,392,0.0
MVP,1995,AL,belleal01,300,392,11.0
Rookie of the Year,1999,NL,mcglike01,1,160,0.0
MVP,1949,NL,hodgegi01,29,336,0.0
MVP,1942,NL,beazljo01,24,336,0.0
Rookie of the Year,2000,AL,zitoba01,1,140,0.0
MVP,2005,NL,utleych01,22,448,0.0
MVP,1911,NL,wagneho01,23,64,
MVP,1993,NL,wettejo01,1,392,0.0
MVP,1971,AL,lolicmi01,155,336,1.0
MVP,1988,AL,hurstbr01,15,392,0.0
MVP,1998,NL,walkela01,7,448,0.0
MVP,1946,AL,robinaa01,12,336,0.0
MVP,1933,AL,cronijo01,62,80,2.0
MVP,1994,AL,knoblch01,8,392,0.0
MVP,1977,AL,thompja01,6,392,0.0
MVP,1958,NL,crandde01,48,336,0.0
MVP,1987,AL,mattido01,92,392,0.0
MVP,1980,AL,brettge01,335,392,17.0
MVP,1914,AL,moriage02,1,64,0.0
MVP,2009,AL,kubelja01,3,392,0.0
MVP,1988,AL,violafr01,39,392,0.0
MVP,2002,NL,sheffga01,6,448,0.0
MVP,1993,NL,jeffegr01,28,392,0.0
MVP,1981,NL,dawsoan01,215,336,2.0
MVP,1984,AL,ripkeca01,1,392,0.0
MVP,1948,NL,hattogr01,3,336,0.0
Rookie of the Year,1951,NL,nichoch02,4,24,4.0
Rookie of the Year,1960,NL,howarfr01,12,24,12.0
MVP,1965,AL,grantmu01,74,280,0.0
Cy Young,1961,ML,fordwh01,9,18,9.0
MVP,1982,NL,smithlo01,218,336,8.0
MVP,1937,AL,applilu01,5,80,0.0
MVP,1926,AL,meusebo01,3,64,0.0
MVP,1963,NL,ellswdi01,7,280,0.0
MVP,1927,AL,heilmha01,35,64,0.0
MVP,1950,NL,musiast01,158,336,1.0
MVP,1935,AL,allenjo02,5,80,0.0
Rookie of the Year,1993,AL,gatesbr01,7,140,0.0
MVP,1958,NL,aaronha01,166,336,0.0
Rookie of the Year,1991,NL,stantmi02,1,120,0.0
Rookie of the Year,1994,NL,trachst01,22,140,0.0
Cy Young,2010,NL,hudsoti01,39,224,0.0
MVP,2009,AL,riverma01,17,392,0.0
MVP,1977,NL,mcgratu01,2,336,0.0
Rookie of the Year,1990,NL,grissma02,1,120,0.0
MVP,1925,AL,combsea01,6,64,0.0
MVP,1914,NL,mccarle01,3,64,0.0
MVP,1969,AL,mclaide01,85,336,0.0
MVP,1931,AL,earnsge01,12,80,
MVP,1950,NL,roberro01,68,336,0.0
MVP,2008,NL,fieldpr01,11,448,0.0
MVP,1984,NL,schmimi01,55,336,0.0
MVP,1974,AL,perryga01,18,336,0.0
Cy Young,1989,AL,eckerde01,3,140,0.0
MVP,1986,NL,krukomi01,8,336,0.0
MVP,1926,AL,pennohe01,32,64,
Cy Young,1981,NL,carltst01,50,120,5.0
MVP,2010,NL,rolensc01,26,448,0.0
MVP,1964,AL,marisro01,4,280,0.0
Cy Young,2002,NL,schilcu01,90,160,0.0
MVP,1986,NL,basske01,73,336,0.0
MVP,1969,AL,jacksre01,110,336,0.0
Rookie of the Year,1952,AL,whitesa02,7,24,7.0
MVP,1964,AL,pizarju01,8,280,0.0
Rookie of the Year,2003,AL,teixema01,9,140,1.0
MVP,2006,NL,utleych01,98,448,0.0
MVP,1994,NL,coninje01,4,392,0.0
MVP,1956,AL,bauerha01,8,336,0.0
Rookie of the Year,1999,AL,garcifr02,45,140,1.0
Rookie of the Year,1982,NL,bedrost01,4,120,0.0
Cy Young,1956,ML,fordwh01,1,16,1.0
MVP,1986,NL,scottmi03,33,336,0.0
MVP,1952,NL,darkal01,24,336,0.0
MVP,1977,AL,sundbji01,30,392,0.0
Rookie of the Year,1966,AL,ageeto01,16,20,16.0
MVP,1974,AL,fingero01,21,336,0.0
MVP,1984,NL,gossari01,34,336,0.0
Cy Young,2000,NL,kileda01,8,160,1.0
MVP,2000,AL,jeterde01,44,392,0.0
Rookie of the Year,1961,NL,willibi01,10,16,10.0
MVP,1951,NL,thomsbo01,62,336,1.0
MVP,1946,NL,walkedi02,159,336,0.0
MVP,1927,NL,stephri01,3,80,0.0
Cy Young,2010,NL,hallaro01,224,224,32.0
MVP,1964,AL,stuardi01,3,280,0.0
MVP,1980,AL,yountro01,8,392,0.0
MVP,1940,AL,aukerel01,1,336,0.0
MVP,1969,AL,messean01,2,336,0.0
Cy Young,1982,AL,petryda01,1,140,0.0
MVP,1984,NL,samueju01,1,336,0.0
MVP,1977,AL,hobsobu01,4,392,0.0
MVP,1966,NL,alouma01,36,280,0.0
MVP,1964,NL,ellissa01,13,280,0.0
MVP,2011,NL,leecl02,12,448,0.0
Cy Young,1989,NL,garresc01,4,120,0.0
MVP,1936,AL,dickebi01,29,80,
MVP,1943,NL,marioma01,20,336,0.0
Cy Young,1988,AL,violafr01,138,140,27.0
MVP,2001,NL,rodrife01,4,448,0.0
Cy Young,1982,NL,rogerst01,29,120,1.0
MVP,1932,AL,allenjo02,8,80,0.0
MVP,1969,NL,cartyri01,12,336,0.0
MVP,1949,NL,musiast01,226,336,5.0
MVP,1943,AL,troutdi01,38,336,0.0
Cy Young,1986,NL,krukomi01,15,120,0.0
MVP,1952,NL,hamnegr01,5,336,0.0
MVP,1960,AL,daleybu01,3,336,0.0
MVP,1956,AL,niemabo01,55,336,0.0
MVP,1975,AL,toddji01,5,336,0.0
MVP,1980,AL,rivermi01,7,392,0.0
MVP,1994,AL,bereja01,1,392,0.0
MVP,1952,AL,mitchda01,11,336,0.0
MVP,1975,AL,doylede01,5,336,0.0
MVP,1974,AL,allendi01,8,336,0.0
MVP,1973,NL,mayle01,9,336,0.0
MVP,1980,AL,coopece01,160,392,0.0
MVP,1998,AL,jacksmi02,1,392,0.0
Rookie of the Year,1985,NL,mcdowro01,2,120,0.0
Rookie of the Year,1953,NL,greenji02,1,24,1.0
MVP,2005,NL,kentje01,18,448,0.0
MVP,1998,NL,jonesch06,56,448,0.0
MVP,1994,NL,benesan01,1,392,0.0
MVP,1944,NL,coopewa01,72,336,1.0
MVP,1932,AL,simmoal01,13,80,
Rookie of the Year,1949,NL,newcodo01,21,24,21.0
MVP,1952,AL,lemonbo01,58,336,0.0
MVP,1912,NL,marquru01,13,64,
Rookie of the Year,1973,NL,ziskri01,0,24,0.0
MVP,1946,AL,henrito01,1,336,0.0
MVP,1954,AL,mantlmi01,16,336,0.0
MVP,1914,AL,mcbrige01,5,64,0.0
MVP,1961,AL,aparilu01,16,280,0.0
MVP,1972,AL,palmeji01,21,336,0.0
MVP,1973,NL,marshmi01,93,336,0.0
Cy Young,1982,AL,vuckope01,87,140,14.0
Cy Young,1976,NL,seaveto01,1,120,0.0
MVP,1999,NL,gonzalu01,12,448,0.0
MVP,2001,AL,boonebr01,259,392,7.0
MVP,1952,AL,robined01,47,336,0.0
MVP,1962,NL,clemero01,6,280,0.0
MVP,1990,NL,larkiba01,82,336,0.0
MVP,2005,NL,wrighda03,18,448,0.0
MVP,1925,AL,riceha01,18,64,
MVP,1927,AL,lyonste01,34,64,0.0
Rookie of the Year,1950,AL,fordwh01,6,24,6.0
MVP,1956,AL,mantlmi01,336,336,24.0
MVP,1953,AL,reynoal01,37,336,0.0
Cy Young,2007,AL,bedarer01,1,140,0.0
MVP,1924,AL,booneik01,2,64,0.0
Rookie of the Year,1993,AL,dipotje01,1,140,0.0
MVP,2004,NL,burnije01,3,448,0.0
MVP,1914,AL,milancl01,2,64,0.0
MVP,2003,NL,guerrvl01,10,448,0.0
MVP,1947,NL,mizejo01,144,336,2.0
MVP,1956,AL,vernomi01,14,336,0.0
MVP,1946,AL,dimagjo01,6,336,0.0
MVP,1989,NL,daviser01,44,336,0.0
Cy Young,1972,NL,jenkife01,23,120,0.0
MVP,1980,AL,stonest01,53,392,0.0
Cy Young,1982,AL,sutclri01,14,140,1.0
MVP,1940,NL,danniha01,64,336,0.0
MVP,1943,NL,hermabi01,140,336,0.0
MVP,1951,AL,woodlge01,5,336,0.0
MVP,1928,NL,fordho01,2,80,0.0
MVP,1932,NL,bushgu01,1,80,0.0
Cy Young,1991,AL,tapanke01,6,140,1.0
MVP,1964,NL,santoro01,59,280,0.0
Cy Young,1981,NL,seaveto01,67,120,8.0
MVP,1998,NL,bondsba01,66,448,0.0
MVP,2011,AL,canoro01,112,392,0.0
Cy Young,2010,NL,bellhe01,4,224,0.0
Rookie of the Year,1996,NL,renteed01,84,140,10.0
MVP,1964,AL,peterga01,44,280,0.0
MVP,2007,AL,lackejo01,4,392,0.0
Rookie of the Year,1987,AL,greenmi01,9,140,0.0
MVP,1980,NL,cedence01,14,336,0.0
MVP,1946,NL,walkeha01,9,336,0.0
MVP,1955,AL,valdijo01,1,336,0.0
MVP,1948,AL,beardge01,52,336,0.0
Rookie of the Year,1974,AL,sundbji01,1,24,1.0
MVP,1974,AL,ryanno01,24,336,0.0
MVP,1971,NL,beckegl01,35,336,0.0
MVP,1927,NL,hargrbu01,6,80,0.0
MVP,1997,AL,clarkto02,13,392,0.0
MVP,1925,AL,heilmha01,20,64,
MVP,1937,NL,demarfr02,9,80,0.0
MVP,1926,NL,carlsha01,16,80,
MVP,1944,NL,galanau01,1,336,0.0
MVP,1983,NL,dawsoan01,213,336,1.0
MVP,1931,NL,branded01,15,80,
MVP,1979,AL,singlke01,241,392,3.0
MVP,1931,AL,macfada01,2,80,0.0
Rookie of the Year,1989,AL,worthcr01,16,140,0.0
MVP,1965,NL,hartji01,13,280,0.0
MVP,1989,AL,mcgwima01,1,392,0.0
MVP,1984,NL,garvest01,5,336,0.0
MVP,1928,AL,combsea01,13,64,
MVP,1925,AL,cochrmi01,8,64,
MVP,1946,NL,sainjo01,95,336,0.0
MVP,1953,AL,kuennha01,23,336,0.0
MVP,1998,NL,vaughgr01,185,448,0.0
MVP,1970,NL,harrebu01,10,336,0.0
MVP,1940,NL,werbebi01,36,336,0.0
MVP,1967,NL,gibsobo01,5,280,0.0
Cy Young,1972,NL,blassst01,35,120,0.0
MVP,1977,AL,mcraeha01,3,392,0.0
MVP,1954,AL,boonera01,1,336,0.0
MVP,1993,AL,loftoke01,11,392,0.0
MVP,1995,NL,hayesch01,4,392,0.0
MVP,1994,NL,butlebr01,1,392,0.0
Cy Young,1981,AL,guidrro01,2,140,0.0
MVP,1944,NL,barrejo01,8,336,0.0
MVP,1957,AL,lollash01,2,336,0.0
MVP,1968,AL,whitero01,17,280,0.0
MVP,1979,NL,schmimi01,32,336,0.0
MVP,2002,AL,anderga01,184,392,0.0
MVP,1945,NL,lopezal01,2,336,0.0
MVP,1948,AL,dobyla01,3,336,0.0
MVP,1943,NL,musiast01,267,336,13.0
Cy Young,1986,NL,scottmi03,98,120,15.0
MVP,1999,NL,sosasa01,87,448,0.0
MVP,2007,AL,jeterde01,17,392,0.0
MVP,1978,NL,luzingr01,48,336,0.0
Rookie of the Year,1987,NL,mathegr01,1,120,0.0
MVP,1966,NL,willsma01,5,280,0.0
Cy Young,1981,NL,suttebr01,1,120,0.0
MVP,1966,AL,ageeto01,63,280,0.0
MVP,1973,NL,billija01,6,336,0.0
MVP,1941,NL,coonejo01,20,336,
MVP,1944,AL,spencst01,56,336,0.0
Cy Young,1991,NL,smithle02,60,120,4.0
MVP,1912,AL,birmijo01,2,64,0.0
MVP,1958,AL,malzofr01,1,336,0.0
MVP,1956,NL,bankser01,2,336,0.0
MVP,1939,NL,mizejo01,178,336,1.0
MVP,1998,AL,clemero02,49,392,0.0
MVP,1939,AL,fellebo01,155,336,3.0
MVP,1985,NL,marshmi02,11,336,0.0
MVP,1938,AL,mcquige02,7,336,0.0
MVP,1982,AL,baylodo01,8,392,0.0
MVP,1989,NL,thompmi02,3,336,0.0
MVP,1996,AL,palmera01,104,392,0.0
MVP,1911,NL,hoblidi01,2,64,0.0
Cy Young,1991,NL,averyst01,1,120,0.0
MVP,1949,AL,applilu01,3,336,0.0
MVP,1970,NL,clenddo01,26,336,0.0
MVP,1959,NL,boyerke01,37,336,0.0
MVP,1982,AL,thomago01,44,392,0.0
MVP,2009,NL,gonzaad01,30,448,0.0
MVP,1994,NL,grissma02,22,392,0.0
MVP,1977,NL,benchjo01,3,336,0.0
MVP,1967,NL,brocklo01,49,280,0.0
MVP,1983,NL,hernake01,1,336,0.0
Rookie of the Year,1947,ML,robinja02,129,165,
MVP,1939,AL,willite01,126,336,0.0
MVP,1993,AL,hoilech01,10,392,0.0
MVP,1959,NL,jonessa02,130,336,0.0
Rookie of the Year,1982,NL,deleolu01,10,120,0.0
MVP,1943,NL,adamsac01,7,336,0.0
MVP,2003,NL,grudzma01,3,448,0.0
MVP,1947,NL,leonadu02,32,336,1.0
MVP,1962,AL,radatdi01,8,280,0.0
MVP,1924,AL,gerbewa01,4,64,0.0
MVP,1997,AL,clemero02,56,392,0.0
Rookie of the Year,1992,NL,willibr01,1,120,0.0
MVP,2000,AL,justida01,23,392,0.0
MVP,1985,NL,mcgeewi01,280,336,14.0
MVP,1986,AL,fletcsc01,5,392,0.0
MVP,1969,AL,cardele01,27,336,0.0
MVP,1962,NL,boyerke01,5,280,0.0
Rookie of the Year,2008,NL,sotoge01,158,160,31.0
MVP,1970,AL,mcdanli01,8,336,0.0
Cy Young,1995,AL,coneda01,18,140,0.0
MVP,1997,AL,jonesdo01,5,392,0.0
MVP,1984,NL,cartega01,32,336,0.0
Rookie of the Year,1970,NL,carbobe01,8,24,8.0
MVP,1932,NL,hermabi01,16,80,
MVP,1965,NL,lefebji01,7,280,0.0
MVP,1947,NL,spahnwa01,26,336,0.0
Cy Young,1978,AL,palmeji01,14,140,0.0
MVP,1947,NL,cavarph01,6,336,0.0
MVP,1939,AL,foxxji01,170,336,1.0
MVP,2003,AL,foulkke01,20,392,0.0
MVP,1960,AL,barbest01,7,336,0.0
Rookie of the Year,2002,AL,penaca01,1,140,0.0
MVP,1978,AL,lefloro01,21,392,0.0
MVP,1971,NL,sanguma01,49,336,0.0
MVP,1966,NL,rosepe01,31,280,0.0
MVP,1932,NL,kleinch01,78,80,6.0
MVP,1951,AL,berrayo01,184,336,6.0
Cy Young,1983,AL,quiseda01,81,140,9.0
Rookie of the Year,1984,AL,nippeal01,1,140,0.0
MVP,1969,AL,cuellmi01,55,336,0.0
MVP,1950,AL,willite01,7,336,0.0
Cy Young,1982,AL,caudibi01,4,140,0.0
Rookie of the Year,1957,NL,sanfoja02,16,24,16.0
Cy Young,1980,AL,gossari01,37,140,2.0
Rookie of the Year,1982,NL,sandbry01,9,120,1.0
Cy Young,1969,AL,mclaide01,10,24,10.0
MVP,1999,NL,bagweje01,276,448,1.0
MVP,2012,NL,beltrca01,6,448,0.0
MVP,2012,AL,ibanera01,1,392,0.0
MVP,2009,AL,rodrial01,31,392,0.0
MVP,1975,NL,garvest01,50,336,0.0
MVP,1951,NL,robinja02,92,336,1.0
MVP,1945,AL,newsosk01,1,336,0.0
MVP,1989,AL,fernato01,9,392,0.0
MVP,2010,AL,choosh01,9,392,0.0
MVP,1949,AL,priddje01,3,336,0.0
MVP,1942,AL,bonhati01,102,336,0.0
MVP,1971,AL,bandosa01,182,336,4.0
Rookie of the Year,2003,NL,reyesjo01,1,160,0.0
Rookie of the Year,1995,NL,johnsch04,1,140,0.0
MVP,1961,NL,aaronha01,39,224,0.0
MVP,1942,AL,borowha01,8,336,0.0
MVP,1932,AL,walkege02,1,80,0.0
Cy Young,1975,NL,suttodo01,1,120,0.0
MVP,1979,NL,richajr01,12,336,0.0
MVP,1994,AL,davisch01,3,392,0.0
MVP,1962,NL,aaronha01,72,280,0.0
MVP,1968,AL,powelbo01,4,280,0.0
MVP,1997,AL,radkebr01,2,392,0.0
MVP,1922,AL,bassljo01,13,64,
MVP,1941,AL,hayesfr01,3,336,0.0
MVP,1972,AL,freehbi01,3,336,0.0
MVP,1973,AL,nelsoda01,2,336,0.0
Rookie of the Year,1985,AL,salasma01,2,140,0.0
MVP,1962,AL,moranbi02,28,280,0.0
MVP,1938,NL,camildo01,5,336,0.0
MVP,1942,NL,javeral01,3,336,0.0
MVP,1948,AL,henrito01,63,336,0.0
Cy Young,1976,AL,garlawa01,1,120,0.0
MVP,2012,AL,beltrad01,210,392,0.0
MVP,1934,NL,lopezal01,1,80,0.0
Cy Young,1975,NL,messean01,1,120,0.0
MVP,1942,AL,flemile01,4,336,0.0
MVP,1928,NL,traynpi01,28,80,
Rookie of the Year,2004,NL,matsuka01,1,160,0.0
MVP,2004,NL,rolensc01,226,448,1.0
MVP,1936,NL,hubbeca01,60,80,6.0
Rookie of the Year,1995,AL,nunnajo01,2,140,0.0
Cy Young,2012,AL,verlaju01,149,196,13.0
MVP,1993,NL,maddugr01,17,392,0.0
MVP,1969,AL,perraro01,25,336,0.0
MVP,1941,NL,lopezal01,8,336,0.0
MVP,1948,NL,milleed03,4,336,0.0
MVP,1979,NL,madlobi01,14,336,1.0
MVP,1993,AL,belleal01,81,392,0.0
MVP,1999,AL,rodriiv01,252,392,7.0
MVP,1932,AL,gosligo01,7,80,0.0
Cy Young,1985,NL,reardje01,1,120,0.0
MVP,2010,AL,beltrad01,83,392,0.0
MVP,1947,NL,sainjo01,20,336,0.0
MVP,1981,NL,carltst01,41,336,0.0
MVP,1965,NL,stargwi01,15,280,0.0
MVP,1954,NL,crandde01,13,336,0.0
MVP,1932,NL,traynpi01,17,80,
MVP,2008,NL,ramirar01,66,448,0.0
Cy Young,1981,AL,martide01,3,140,0.0
MVP,1962,NL,crandde01,2,280,0.0
MVP,1976,AL,bluevi01,10,336,0.0
MVP,1923,AL,peckiro01,6,64,0.0
MVP,1968,NL,reganph01,7,280,0.0
MVP,1935,AL,applilu01,7,80,0.0
MVP,1925,NL,sandhe01,3,80,0.0
MVP,2001,AL,ramirma02,50,392,0.0
MVP,1985,AL,quiseda01,39,392,0.0
MVP,1999,AL,alomaro01,226,392,4.0
Rookie of the Year,1998,AL,arrojro01,61,140,4.0
MVP,1991,NL,gantro01,110,336,0.0
MVP,2003,AL,garcino01,99,392,1.0
MVP,2008,NL,hollima01,13,448,0.0
Rookie of the Year,1949,AL,kuzavbo01,1,24,1.0
MVP,2006,NL,garcino01,18,448,0.0
Rookie of the Year,2000,AL,wunscke01,2,140,0.0
MVP,1911,AL,cobbty01,64,64,8.0
MVP,1961,NL,rosebjo01,4,224,0.0
MVP,1980,NL,benchjo01,7,336,0.0
MVP,1999,NL,evereca01,15,448,0.0
Cy Young,1972,AL,lylesp01,3,120,0.0
MVP,1933,NL,lucasre01,3,80,0.0
Rookie of the Year,1969,AL,mayca01,5,24,5.0
MVP,1951,NL,reesepe01,15,336,0.0
Rookie of the Year,1974,NL,madlobi01,1,24,1.0
MVP,2000,NL,alfoned01,6,448,0.0
Rookie of the Year,2004,AL,buckjo01,1,140,0.0
MVP,1952,NL,snidedu01,29,336,1.0
MVP,1968,AL,robinbr01,8,280,0.0
MVP,1950,NL,robinja02,23,336,0.0
MVP,1952,AL,mantlmi01,143,336,3.0
MVP,2004,NL,nevinph01,1,448,0.0
MVP,1939,AL,applilu01,1,336,0.0
Rookie of the Year,1989,NL,jeffegr01,18,120,0.0
MVP,1986,NL,hayesvo01,41,336,0.0
MVP,2005,AL,youngmi02,20,392,0.0
MVP,1955,AL,kuennha01,8,336,0.0
MVP,1985,NL,goodedw01,162,336,1.0
MVP,1953,NL,haddiha01,9,336,0.0
MVP,1991,NL,glavito02,16,336,0.0
MVP,1934,AL,foxxji01,11,80,
MVP,1939,NL,hermabi01,1,336,0.0
MVP,2003,AL,chaveer01,18,392,0.0
MVP,1973,AL,otisam01,112,336,0.0
Rookie of the Year,1988,AL,gallada01,18,140,2.0
MVP,2004,NL,aloumo01,15,448,0.0
MVP,1988,AL,yountro01,34,392,0.0
MVP,1958,NL,bankser01,283,336,16.0
MVP,1925,AL,peckiro01,45,64,
MVP,1954,AL,berrayo01,230,336,7.0
MVP,1966,AL,robinfr02,280,280,20.0
MVP,1952,AL,berrayo01,104,336,0.0
Rookie of the Year,2005,AL,swishni01,6,140,0.0
MVP,1934,NL,terrybi01,30,80,
MVP,1960,NL,larkeno01,21,336,0.0
MVP,1943,AL,dickebi01,58,336,2.0
MVP,1939,NL,goodmiv01,4,336,0.0
MVP,1962,AL,pascuca02,14,280,0.0
MVP,1977,NL,smithre06,112,336,0.0
MVP,1913,NL,knabeot01,4,64,0.0
MVP,1983,AL,ripkeca01,322,392,15.0
MVP,1928,AL,cissebi01,4,64,0.0
MVP,1962,NL,koufasa01,3,280,0.0
MVP,1995,AL,mcgwima01,7,392,0.0
MVP,1989,NL,johnsho01,153,336,0.0
MVP,2003,AL,ortizda01,130,392,4.0
MVP,1988,AL,cansejo01,392,392,28.0
MVP,1992,AL,baergca01,31,392,0.0
Rookie of the Year,1996,AL,damicje01,1,140,0.0
MVP,1950,AL,carrach01,21,336,0.0
Cy Young,1992,AL,morrija02,10,140,1.0
Rookie of the Year,1969,NL,oliveal01,3,24,3.0
MVP,1995,AL,salmoti01,110,392,0.0
MVP,1933,NL,vaughar01,2,80,0.0
MVP,1990,NL,drabedo01,59,336,0.0
MVP,1971,AL,retteme01,8,336,0.0
Rookie of the Year,1987,NL,magrajo01,10,120,0.0
MVP,1964,AL,wagnele01,9,280,0.0
MVP,1954,AL,heganji01,5,336,0.0
Cy Young,2008,AL,mussimi01,2,140,0.0
MVP,2005,AL,rodrial01,331,392,16.0
MVP,1990,AL,burksel01,25,392,0.0
MVP,1961,AL,thomale03,1,280,0.0
MVP,1976,AL,fingero01,12,336,0.0
Rookie of the Year,2004,AL,greinza01,16,140,0.0
MVP,2001,AL,suzukic01,289,392,11.0
MVP,1970,NL,ageeto01,13,336,0.0
MVP,1958,NL,mazerbi01,61,336,1.0
MVP,1939,AL,heathje01,7,336,0.0
MVP,2000,NL,edmonji01,208,448,0.0
Rookie of the Year,1982,NL,saxst01,63,120,9.0
MVP,1943,NL,dahlgba01,2,336,0.0
MVP,1950,AL,yosted01,8,336,0.0
Rookie of the Year,1987,AL,whitede03,5,140,0.0
MVP,2012,AL,pujolal01,8,392,0.0
Rookie of the Year,1973,AL,medicdo01,2,24,2.0
MVP,1961,AL,piersji01,10,280,0.0
MVP,1962,NL,groatdi01,7,280,0.0
MVP,1927,NL,ulricdu01,2,80,0.0
Rookie of the Year,2002,AL,menchke01,2,140,0.0
MVP,1976,NL,brocklo01,3,336,0.0
MVP,1995,NL,larkiba01,281,392,11.0
MVP,1952,NL,metkoca01,2,336,0.0
MVP,1925,AL,flagsir01,10,64,
MVP,1979,NL,hornebo01,1,336,0.0
MVP,1985,NL,cartega01,116,336,0.0
MVP,1964,AL,powelbo01,28,280,0.0
Rookie of the Year,1991,NL,chambwe01,3,120,0.0
MVP,1965,NL,rojasco01,5,280,0.0
Cy Young,1972,NL,marshmi01,8,120,0.0
MVP,1943,NL,ottme01,9,336,0.0
MVP,1935,NL,allenet01,4,80,0.0
MVP,1952,NL,roepr01,7,336,0.0
MVP,1935,AL,cramedo01,18,80,0.0
Rookie of the Year,1967,NL,seaveto01,11,20,11.0
MVP,1965,AL,millest01,45,280,0.0
MVP,1994,AL,vaughmo01,10,392,0.0
Rookie of the Year,1991,AL,gomezle02,1,140,0.0
MVP,1955,NL,mayswi01,165,336,0.0
MVP,1932,AL,leveyji01,5,80,0.0
MVP,1995,NL,jonesch06,3,392,0.0
Rookie of the Year,1995,NL,isrinja01,4,140,0.0
MVP,1952,NL,sauerha01,226,336,8.0
MVP,1962,AL,mantlmi01,234,280,13.0
MVP,1960,AL,gentiji01,21,336,0.0
MVP,2002,NL,heltoto01,3,448,0.0
Cy Young,1994,AL,coneda01,108,140,15.0
MVP,1978,NL,burroje01,7,336,0.0
MVP,1994,AL,cartejo01,35,392,0.0
Rookie of the Year,1979,AL,davisro02,3,28,3.0
Cy Young,1973,NL,bryanro01,50,120,3.0
MVP,1936,NL,mungova01,5,80,0.0
Cy Young,1970,AL,mcdowsa01,45,120,4.0
MVP,1983,NL,kennete02,37,336,0.0
Rookie of the Year,1995,AL,durhara01,3,140,0.0
Rookie of the Year,1985,AL,guilloz01,101,140,16.0
MVP,1984,AL,boddimi01,2,392,0.0
MVP,2001,AL,guzmacr01,4,392,0.0
MVP,1987,NL,schmimi01,13,336,0.0
MVP,1957,AL,bunniji01,46,336,0.0
Rookie of the Year,1977,AL,rozemda01,2,28,2.0
MVP,1929,NL,grimmch01,13,80,
Rookie of the Year,1978,AL,galeri01,1,28,1.0
MVP,1977,NL,luzingr01,255,336,9.0
MVP,1931,AL,stonejo01,6,80,0.0
MVP,1964,NL,robinfr02,98,280,0.0
MVP,1947,AL,henrito01,33,336,0.0
Cy Young,1989,NL,belchti01,4,120,0.0
MVP,1970,AL,powelbo01,234,336,11.0
Rookie of the Year,2006,NL,ramirha01,105,160,14.0
MVP,2006,NL,cabremi01,170,448,0.0
Rookie of the Year,2001,NL,dunnad01,1,160,0.0
MVP,1978,AL,jacksre01,18,392,0.0
MVP,1972,NL,morgajo02,197,336,5.0
MVP,1982,AL,riceji01,10,392,0.0
MVP,1938,AL,travice01,33,336,
MVP,1969,AL,powelbo01,227,336,6.0
MVP,1961,AL,colavro01,51,280,0.0
MVP,1996,NL,bicheda01,6,392,0.0
MVP,1972,AL,rudijo01,164,336,1.0
MVP,1970,AL,palmeji01,4,336,0.0
MVP,1926,AL,rigneto01,3,64,0.0
MVP,1939,AL,newsobo01,11,336,0.0
MVP,1967,AL,scottge02,33,280,0.0
MVP,1971,NL,downial01,36,336,0.0
Cy Young,1990,AL,stiebda01,2,140,0.0
Rookie of the Year,2000,AL,kennead01,1,140,0.0
MVP,1927,AL,simmoal01,18,64,0.0
MVP,1942,NL,milleed03,1,336,0.0
MVP,1969,NL,santoro01,124,336,0.0
Rookie of the Year,1979,NL,thompsc01,1,24,1.0
MVP,1911,NL,mathech01,25,64,
MVP,1969,AL,pinielo01,1,336,0.0
Rookie of the Year,1958,AL,durenry01,7,24,7.0
Cy Young,1987,AL,alexado01,8,140,1.0
MVP,2002,NL,jonesan01,7,448,0.0
Cy Young,1974,NL,caprabu01,1,120,0.0
Cy Young,1989,NL,bielemi01,1,120,0.0
MVP,1914,AL,schalra01,13,64,
MVP,1963,NL,mayswi01,102,280,0.0
MVP,1935,AL,greenha01,80,80,8.0
MVP,1940,AL,radclri01,55,336,0.0
Cy Young,1996,NL,neaglde01,2,140,0.0
MVP,1964,NL,schulba01,1,280,0.0
MVP,2006,AL,guillca01,34,392,0.0
MVP,1969,AL,petrori01,71,336,0.0
Cy Young,1959,ML,shawbo01,1,16,1.0
MVP,1974,AL,pinielo01,8,336,0.0
MVP,1939,NL,mccorfr01,159,336,2.0
MVP,1939,AL,casege01,3,336,0.0
MVP,1931,NL,terrybi01,53,80,
MVP,1959,AL,francti01,102,336,0.0
Cy Young,1966,ML,koufasa01,20,20,20.0
MVP,1928,AL,metzlal01,1,64,0.0
Rookie of the Year,2003,NL,webbbr01,73,160,7.0
MVP,1937,NL,jurgebi01,4,80,0.0
MVP,1931,NL,engliwo01,30,80,
Cy Young,1971,NL,maricju01,1,120,0.0
MVP,1958,AL,sievero01,95,336,0.0
MVP,1938,AL,keltnke01,16,336,
MVP,1911,NL,meyerch01,11,64,
Cy Young,1962,ML,piercbi02,1,20,1.0
MVP,1931,AL,reynoca01,2,80,0.0
MVP,1966,NL,torrejo01,18,280,0.0
MVP,1962,NL,maricju01,4,280,0.0
MVP,2003,NL,wagnebi02,5,448,0.0
MVP,1943,NL,tobinji01,5,336,0.0
MVP,1947,AL,johnsbi03,9,336,0.0
MVP,1969,NL,dierkla01,6,336,0.0
MVP,1950,NL,sainjo01,12,336,0.0
Cy Young,1970,AL,palmeji01,11,120,1.0
MVP,1986,AL,cartejo01,72,392,0.0
MVP,1943,NL,bithohi01,1,336,0.0
MVP,1944,AL,pottene01,52,336,0.0
Rookie of the Year,1999,AL,hudsoti01,13,140,0.0
Cy Young,2006,NL,webbbr01,103,160,15.0
MVP,1957,AL,woodlge01,13,336,0.0
MVP,1933,AL,manushe01,54,80,2.0
MVP,1992,NL,sheffga01,204,336,2.0
MVP,1963,NL,spahnwa01,30,280,0.0
MVP,1947,AL,mccosba01,35,336,0.0
MVP,2006,AL,jeterde01,306,392,12.0
MVP,1966,NL,whitebi03,3,280,0.0
MVP,2009,NL,heltoto01,28,448,0.0
MVP,1979,AL,brettge01,226,392,2.0
Cy Young,1985,AL,mooremi01,1,140,0.0
MVP,1946,NL,juddos01,1,336,0.0
Cy Young,1970,AL,perryji01,55,120,6.0
MVP,2007,NL,ramirha01,49,448,0.0
MVP,1954,NL,muelldo01,30,336,0.0
Rookie of the Year,1998,AL,ordonma01,1,140,0.0
MVP,2007,NL,valvejo01,19,448,0.0
MVP,1967,NL,mccarti01,136,280,0.0
MVP,1994,AL,palmera01,11,392,0.0
MVP,1975,AL,maybejo01,157,336,0.0
MVP,2011,NL,victosh01,18,448,0.0
MVP,1970,AL,olivebo01,1,336,0.0
MVP,1949,NL,polleho01,29,336,0.0
MVP,1935,AL,bonurze01,7,80,0.0
Cy Young,1975,AL,palmeji01,98,120,15.0
Rookie of the Year,1989,NL,benesan01,3,120,0.0
MVP,1992,NL,krukjo01,8,336,0.0
Rookie of the Year,1953,AL,kuennha01,23,24,23.0
MVP,1937,AL,sewellu01,22,80,0.0
MVP,1949,AL,sievero01,6,336,0.0
MVP,1926,NL,ofarrbo01,79,80,
MVP,1964,AL,kalinal01,17,280,0.0
Rookie of the Year,1971,AL,griffdo01,3,24,3.0
Rookie of the Year,1987,AL,mcgwima01,140,140,28.0
MVP,1986,NL,knighra01,9,336,0.0
MVP,1980,AL,perezto01,2,392,0.0
MVP,1914,AL,cobbty01,7,64,0.0
Rookie of the Year,1954,NL,bankser01,4,24,4.0
MVP,1985,AL,henderi01,174,392,0.0
MVP,1983,AL,guidrro01,2,392,0.0
MVP,1972,NL,willibi01,211,336,5.0
Rookie of the Year,1989,NL,smithdw01,68,120,2.0
Cy Young,1988,AL,stewada01,16,140,0.0
Cy Young,1990,NL,goodedw01,8,120,0.0
Cy Young,2001,AL,hudsoti01,1,140,0.0
Cy Young,1974,NL,hraboal01,9,120,0.0
MVP,1945,NL,ottme01,22,336,0.0
Rookie of the Year,1990,AL,radinsc01,1,140,0.0
MVP,1984,NL,brenlbo01,1,336,0.0
MVP,2007,AL,grandcu01,51,392,0.0
MVP,1940,NL,sewelri01,7,336,0.0
MVP,1943,NL,fletcel01,7,336,0.0
MVP,1911,AL,mcbrige01,1,64,0.0
MVP,1982,AL,fingero01,12,392,0.0
MVP,1969,NL,gibsobo01,2,336,0.0
MVP,2000,NL,gilesbr02,3,448,0.0
MVP,1943,AL,wakefdi01,72,336,0.0
MVP,2001,AL,camermi01,4,392,0.0
MVP,2000,NL,sosasa01,71,448,0.0
MVP,1974,NL,marshmi01,146,336,1.0
Cy Young,1956,ML,spahnwa01,1,16,1.0
MVP,1947,AL,sheasp01,23,336,0.0
MVP,1960,AL,maxwech01,2,336,0.0
MVP,1965,AL,robinbr01,150,280,0.0
MVP,1949,AL,kindeel01,122,336,0.0
MVP,1965,NL,robinfr02,11,280,0.0
Rookie of the Year,1970,NL,mortoca01,11,24,11.0
MVP,1949,NL,schmijo01,6,336,0.0
MVP,1987,NL,thompmi02,4,336,0.0
MVP,1967,NL,mccormi03,73,280,0.0
MVP,1936,NL,moorete01,1,80,0.0
Cy Young,1996,NL,worreto01,4,140,0.0
MVP,1998,NL,moranmi01,1,448,0.0
MVP,1928,AL,seweljo01,6,64,0.0
MVP,1950,AL,fordwh01,7,336,0.0
Rookie of the Year,1980,NL,howest01,80,120,12.0
MVP,1937,AL,dimagjo01,74,80,2.0
MVP,1993,NL,rijojo01,2,392,0.0
MVP,1975,AL,powelbo01,6,336,0.0
MVP,1956,AL,lollash01,27,336,0.0
MVP,2005,AL,hafnetr01,151,392,0.0
MVP,1971,AL,sandeke01,13,336,0.0
MVP,1951,AL,peskyjo01,5,336,0.0
Cy Young,1987,NL,welchbo01,3,120,0.0
MVP,1973,NL,harrebu01,2,336,0.0
MVP,1981,AL,yountro01,7,392,0.0
Cy Young,1994,AL,mussimi01,23,140,1.0
MVP,1949,AL,dimagdo01,7,336,0.0
MVP,2012,NL,jonesch06,1,448,0.0
MVP,1955,NL,musiast01,46,336,0.0
Rookie of the Year,1953,NL,gilliji01,11,24,11.0
MVP,1998,AL,wettejo01,3,392,0.0
MVP,1966,AL,fregoji01,1,280,0.0
MVP,1939,AL,mcquige02,24,336,0.0
MVP,2010,NL,hollima01,32,448,0.0
MVP,1944,AL,newhoha01,236,336,7.0
Rookie of the Year,1980,NL,gullibi01,53,120,5.0
Rookie of the Year,1985,AL,fishebr01,7,140,0.0
Rookie of the Year,1964,NL,allendi01,18,20,18.0
Cy Young,1972,AL,woodwi01,58,120,7.0
MVP,1938,NL,goodmiv01,11,336,0.0
MVP,1982,NL,hendrge01,20,336,0.0
MVP,1912,NL,wagneho01,43,64,
Cy Young,1978,AL,jenkife01,2,140,0.0
MVP,1988,AL,stewada01,3,392,0.0
Cy Young,1984,NL,sotoma01,2,120,0.0
MVP,1914,NL,schmibu01,4,64,0.0
MVP,2007,NL,rowanaa01,3,448,0.0
MVP,2005,NL,rolliji01,45,448,0.0
MVP,1913,AL,oneilst01,1,64,0.0
MVP,1969,NL,seaveto01,243,336,11.0
MVP,1965,AL,cashno01,1,280,0.0
MVP,1981,AL,henderi01,308,392,12.0
MVP,1977,AL,guidrro01,11,392,0.0
Rookie of the Year,1948,ML,brisslo01,3,48,3.0
MVP,2011,AL,beltrad01,9,392,0.0
MVP,1996,AL,willibe02,6,392,0.0
MVP,1973,NL,watsobo01,7,336,0.0
MVP,1971,NL,brocklo01,20,336,0.0
MVP,1954,NL,darkal01,110,336,1.0
MVP,1945,AL,wolffro01,78,336,0.0
Rookie of the Year,1979,NL,sutclri01,20,24,20.0
MVP,2003,NL,sheffga01,247,448,1.0
MVP,1946,AL,greenha01,91,336,2.0
MVP,1956,NL,kluszte01,18,336,0.0
Rookie of the Year,2003,NL,lidgebr01,3,160,0.0
MVP,2005,AL,damonjo01,12,392,0.0
MVP,1961,AL,kalinal01,35,280,0.0
MVP,1958,NL,anderha02,5,336,0.0
MVP,1940,AL,mackra01,4,336,0.0
MVP,1980,AL,singlke01,4,392,0.0
Rookie of the Year,1969,AL,pinielo01,9,24,9.0
MVP,1949,AL,joosted01,11,336,0.0
MVP,2002,NL,smoltjo01,124,448,0.0
MVP,2003,NL,furcara01,2,448,0.0
MVP,1954,AL,minosmi01,186,336,2.0
MVP,1933,NL,deandi01,23,80,
MVP,1981,NL,schmimi01,321,336,21.0
MVP,1993,AL,baergca01,50,392,0.0
MVP,1979,AL,lezcasi01,18,392,0.0
MVP,1911,NL,sweenbi02,3,64,0.0
MVP,1974,AL,murcebo01,10,336,0.0
MVP,1933,NL,luquedo01,1,80,0.0
MVP,1943,AL,murphjo04,1,336,0.0
MVP,1987,AL,fernato01,79,392,0.0
MVP,1946,NL,musiast01,319,336,22.0
MVP,1981,AL,winfida01,98,392,0.0
MVP,1983,NL,sotoma01,16,336,0.0
MVP,1934,AL,westsa01,5,80,0.0
MVP,2008,NL,delgaca01,96,448,0.0
MVP,1931,NL,traynpi01,12,80,
MVP,1972,NL,speiech01,1,336,0.0
MVP,1945,NL,galanau01,18,336,0.0
MVP,1969,NL,aaronha01,188,336,2.0
MVP,1999,AL,martipe02,239,392,8.0
MVP,2005,AL,konerpa01,128,392,0.0
MVP,1960,NL,lawve01,80,336,0.0
MVP,1981,AL,murphdw01,45,392,0.0
Cy Young,1956,ML,maglisa01,4,16,4.0
MVP,1981,NL,hernake01,9,336,0.0
MVP,1936,NL,deandi01,53,80,0.0
Rookie of the Year,1966,NL,jastela01,1,20,1.0
MVP,1959,AL,richabo01,11,336,0.0
MVP,1962,NL,roebued01,2,280,0.0
MVP,1995,NL,sosasa01,81,392,0.0
Rookie of the Year,2004,NL,greenkh01,108,160,7.0
Rookie of the Year,1960,NL,santoro01,2,24,2.0
Rookie of the Year,1986,AL,cansejo01,110,140,16.0
MVP,1942,NL,vandejo01,11,336,0.0
Cy Young,1972,NL,carrocl02,6,120,0.0
Cy Young,1964,ML,koufasa01,1,20,1.0
MVP,1957,NL,blasido01,26,336,0.0
MVP,1965,AL,kalinal01,9,280,0.0
Cy Young,1987,NL,bedrost01,57,120,9.0
MVP,1936,NL,phelpba01,3,80,0.0
Cy Young,1985,AL,guidrro01,88,140,4.0
MVP,1963,AL,siebeno01,1,280,0.0
MVP,1954,AL,busbyji01,7,336,0.0
MVP,1957,AL,powervi01,3,336,0.0
MVP,1950,NL,jansela01,2,336,0.0
Cy Young,1971,AL,bluevi01,98,120,14.0
MVP,1979,AL,jacksre01,3,392,0.0
Rookie of the Year,1988,NL,jeffegr01,3,120,0.0
Rookie of the Year,1992,NL,perezmi01,2,120,0.0
MVP,1958,NL,ashburi01,62,336,0.0
MVP,1944,AL,kellge01,6,336,0.0
MVP,1925,AL,booneik01,1,64,0.0
MVP,1956,NL,adcocjo01,54,336,0.0
MVP,1912,NL,sweenbi02,16,64,
MVP,2009,AL,teixema01,225,392,0.0
Cy Young,2004,NL,clemero02,140,160,23.0
Rookie of the Year,1993,AL,hulseda01,1,140,0.0
MVP,1945,NL,marioma01,69,336,0.0
MVP,1937,NL,manushe01,1,80,0.0
Rookie of the Year,2003,AL,matsuhi01,84,140,10.0
MVP,1976,NL,suttodo01,7,336,0.0
MVP,1992,AL,bellge02,3,392,0.0
MVP,1935,NL,deanpa01,2,80,0.0
MVP,1931,NL,clarkwa02,3,80,0.0
MVP,1950,AL,lemonbo01,102,336,0.0
MVP,2006,NL,reyesjo01,98,448,0.0
MVP,1997,NL,schilcu01,9,392,0.0
MVP,1938,NL,rootch01,3,336,0.0
MVP,2011,NL,beltrca01,3,448,0.0
MVP,1962,AL,herbera01,5,280,0.0
MVP,1997,NL,galaran01,85,392,0.0
MVP,1997,AL,rodriiv01,16,392,0.0
MVP,1926,AL,flagsir01,2,64,0.0
MVP,1922,AL,schanwa01,7,64,0.0
MVP,1941,AL,dickebi01,18,336,0.0
MVP,1973,NL,cedence01,39,336,0.0
MVP,1955,AL,bauerha01,64,336,1.0
MVP,1944,NL,musiast01,136,336,3.0
MVP,1971,AL,jacksre01,15,336,0.0
MVP,1989,NL,clarkwi02,225,336,3.0
MVP,1980,NL,hernake01,29,336,0.0
MVP,1935,NL,lombaer01,8,80,0.0
MVP,1935,NL,hubbeca01,20,80,
MVP,1933,NL,friscfr01,7,80,0.0
Rookie of the Year,1965,NL,linzyfr01,3,20,3.0
MVP,1995,AL,puckeki01,2,392,0.0
MVP,1937,AL,dickebi01,22,80,0.0
MVP,1949,AL,parneme01,151,336,1.0
MVP,1980,NL,murphda05,23,336,0.0
MVP,1942,AL,rizzuph01,9,336,0.0
MVP,1937,AL,yorkru01,1,80,0.0
Cy Young,1970,AL,mcnalda01,47,120,5.0
MVP,1945,AL,binksge01,9,336,0.0
MVP,1963,AL,killeha01,85,280,0.0
MVP,2004,AL,jeterde01,11,392,0.0
Cy Young,1987,AL,morrija02,3,140,0.0
MVP,1969,AL,belanma01,2,336,0.0
MVP,1912,AL,carribi02,3,64,0.0
MVP,1983,AL,whitalo01,84,392,0.0
Cy Young,1997,AL,mussimi01,1,140,0.0
MVP,1914,NL,saiervi01,4,64,0.0
MVP,1935,AL,lyonste01,10,80,0.0
Cy Young,1992,AL,clemero02,48,140,4.0
MVP,1922,AL,prattde01,7,64,0.0
MVP,1956,AL,maxwech01,8,336,0.0
MVP,2000,AL,giambja01,317,392,14.0
MVP,1998,NL,piazzmi01,15,448,0.0
MVP,1913,NL,wagneho01,11,64,
Rookie of the Year,1996,NL,ordonre01,7,140,1.0
Rookie of the Year,1950,AL,dropowa01,15,24,15.0
MVP,1944,AL,foxpe01,12,336,0.0
MVP,1954,NL,loganjo01,9,336,0.0
MVP,2006,NL,soriaal01,106,448,0.0
MVP,1961,NL,millest01,26,224,0.0
MVP,1938,NL,leebi02,166,336,5.0
MVP,2007,NL,hawpebr01,2,448,0.0
Rookie of the Year,1980,AL,garcida01,35,140,3.0
MVP,1983,AL,upshawi01,41,392,0.0
MVP,1971,AL,tovarce01,4,336,0.0
MVP,1948,AL,tebbebi01,23,336,0.0
MVP,1938,NL,ottme01,132,336,
Cy Young,1998,NL,leiteal01,3,160,0.0
MVP,1983,AL,winfida01,85,392,0.0
MVP,1943,AL,siebedi01,1,336,0.0
MVP,1914,AL,mcinnst01,11,64,
MVP,1927,NL,hartnga01,12,80,
Cy Young,1974,AL,tiantlu01,8,120,0.0
MVP,1977,AL,brettge01,51,392,0.0
MVP,1971,NL,mayswi01,11,336,0.0
MVP,1943,AL,earlyja01,6,336,0.0
MVP,1911,NL,doylela01,23,64,
Rookie of the Year,1976,NL,metzgbu01,11,24,11.0
MVP,1951,AL,foxne01,25,336,0.0
MVP,1946,AL,caldwea01,18,336,0.0
MVP,1964,NL,whitebi03,106,280,2.0
MVP,1978,AL,mcraeha01,4,392,0.0
MVP,1969,NL,daviswi02,7,336,0.0
MVP,1993,AL,montgje01,15,392,0.0
MVP,1952,AL,wynnea01,99,336,0.0
MVP,1966,AL,freehbi01,9,280,0.0
MVP,1962,AL,malzofr01,3,280,0.0
MVP,1941,NL,hermabi01,27,336,
Cy Young,1998,NL,smoltjo01,10,160,0.0
MVP,2002,NL,spiveju01,8,448,0.0
Cy Young,1972,AL,tiantlu01,16,120,1.0
MVP,1945,AL,ferreri01,6,336,0.0
MVP,1970,NL,hickmji02,52,336,0.0
MVP,1979,AL,kempst01,15,392,0.0
MVP,2004,NL,kentje01,18,448,0.0
MVP,1952,AL,eastelu01,40,336,0.0
MVP,1984,AL,riceji01,10,392,0.0
MVP,1954,NL,grissma01,2,336,0.0
MVP,1967,NL,seaveto01,5,280,0.0
Rookie of the Year,1995,AL,tavarju01,3,140,0.0
Cy Young,1978,AL,leonade01,1,140,0.0
MVP,1987,NL,raineti01,80,336,0.0
MVP,1946,NL,stanked01,67,336,0.0
Rookie of the Year,1959,AL,allisbo01,18,24,18.0
MVP,1975,AL,brettge01,37,336,0.0
MVP,1944,AL,hayesfr01,13,336,0.0
MVP,1983,NL,hollaal01,42,336,0.0
MVP,2007,NL,cabremi01,18,448,0.0
MVP,1992,AL,puckeki01,209,392,3.0
MVP,1913,AL,stovage01,5,64,0.0
MVP,1984,AL,beniqju01,2,392,0.0
MVP,1986,NL,raineti01,99,336,0.0
MVP,2001,NL,morrima01,13,448,0.0
MVP,1963,NL,mccovwi01,9,280,0.0
MVP,1998,AL,gordoto01,27,392,0.0
MVP,1987,AL,nokesma01,1,392,0.0
MVP,1943,AL,guttedo01,13,336,0.0
MVP,1985,AL,ripkeca01,9,392,0.0
MVP,1955,AL,valoel01,5,336,0.0
MVP,1950,NL,kluszte01,14,336,0.0
MVP,1947,AL,kellge01,132,336,0.0
MVP,1991,NL,gwynnto01,4,336,0.0
MVP,1969,NL,torrejo01,6,336,0.0
MVP,1937,NL,wanerpa01,21,80,0.0
Cy Young,1996,AL,fernaal01,1,140,0.0
MVP,1970,NL,jenkife01,8,336,0.0
Rookie of the Year,1952,NL,groatdi01,1,24,1.0
MVP,1972,AL,lylesp01,158,336,1.0
MVP,1955,AL,powervi01,53,336,1.0
MVP,1934,NL,frankfr02,4,80,0.0
MVP,1954,AL,avilabo01,203,336,5.0
MVP,1993,AL,thomafr04,392,392,28.0
MVP,1972,NL,jenkife01,1,336,0.0
MVP,1960,AL,bunniji01,3,336,0.0
MVP,1936,NL,whitebu01,6,80,0.0
Rookie of the Year,1988,NL,belchti01,35,120,3.0
MVP,1976,NL,watsobo01,38,336,0.0
MVP,1931,AL,gehrilo01,59,80,
MVP,1985,AL,mooredo01,96,392,0.0
MVP,1988,NL,strawda01,236,336,7.0
MVP,1981,AL,lansfca01,109,392,0.0
Rookie of the Year,2000,NL,smithch06,1,160,0.0
MVP,1948,NL,schmijo01,37,336,0.0
MVP,1984,AL,wilsowi02,61,392,0.0
MVP,2005,AL,riverma01,59,392,0.0
MVP,1986,AL,barfije01,107,392,0.0
Rookie of the Year,1981,NL,berenbr01,5,120,0.0
MVP,2011,NL,molinya01,2,448,0.0
MVP,1913,AL,schanwa01,11,64,
MVP,1968,NL,halleto01,3,280,0.0
MVP,1929,NL,malonpa02,3,80,0.0
Cy Young,1960,ML,brogler01,1,16,1.0
MVP,1967,NL,rosepe01,40,280,0.0
MVP,2008,NL,berkmla01,126,448,0.0
MVP,1998,NL,glavito02,2,448,0.0
MVP,1969,AL,olivato01,21,336,0.0
MVP,1974,AL,cuellmi01,42,336,0.0
MVP,1957,NL,bankser01,60,336,0.0
MVP,1944,AL,boudrlo01,84,336,0.0
MVP,1929,NL,stephri01,1,80,0.0
MVP,1932,NL,cuccito01,4,80,0.0
MVP,1928,AL,carroow01,3,64,0.0
MVP,1912,AL,gandich01,7,64,0.0
MVP,1946,NL,schoere01,6,336,0.0
Rookie of the Year,1970,NL,bowala01,3,24,3.0
MVP,1990,NL,justida01,2,336,0.0
MVP,1999,NL,wagnebi02,19,448,0.0
MVP,1947,NL,reesepe01,80,336,2.0
MVP,1940,AL,gehrich01,3,336,0.0
MVP,1927,NL,grimebu01,4,80,0.0
MVP,2007,AL,guerrvl01,203,392,0.0
MVP,1933,NL,maranra01,11,80,
Cy Young,1994,NL,francjo01,2,140,0.0
MVP,1971,NL,willsma01,74,336,0.0
Cy Young,2006,NL,wagnebi02,4,160,0.0
Cy Young,1996,NL,hoffmtr01,4,140,0.0
MVP,1966,AL,robinbr01,153,280,0.0
Rookie of the Year,1970,NL,cedence01,1,24,1.0
MVP,1951,AL,avilabo01,49,336,0.0
Cy Young,1993,AL,hentgpa01,3,140,0.0
MVP,1962,AL,robinbr01,41,280,0.0
MVP,2001,AL,thomeji01,107,392,0.0
MVP,1960,NL,burgesm01,2,336,0.0
MVP,2004,AL,fordle01,2,392,0.0
Cy Young,1982,NL,andujjo01,1,120,0.0
MVP,1912,NL,tinkejo01,22,64,
MVP,1979,AL,molitpa01,8,392,0.0
MVP,1933,AL,gehrilo01,39,80,0.0
MVP,1943,AL,newsosk01,3,336,0.0
MVP,1957,AL,piersji01,2,336,0.0
MVP,1974,AL,bandosa01,143,336,3.0
MVP,2004,AL,hafnetr01,2,392,0.0
MVP,1967,AL,adairje01,11,280,0.0
MVP,1975,AL,riceji01,154,336,0.0
MVP,1912,AL,jacksjo01,16,64,
Rookie of the Year,2005,AL,iguchta01,30,140,5.0
MVP,1985,AL,barfije01,88,392,0.0
Cy Young,1975,NL,montejo01,2,120,0.0
MVP,1990,NL,cartejo01,7,336,0.0
MVP,2011,NL,pujolal01,166,448,0.0
MVP,1938,NL,mizejo01,28,336,
MVP,1978,AL,lynnfr01,6,392,0.0
MVP,1987,NL,doranbi02,1,336,0.0
Rookie of the Year,1973,AL,busbyst01,2,24,2.0
Cy Young,1988,NL,jacksda02,54,120,0.0
MVP,1948,AL,raschvi01,23,336,0.0
MVP,2002,NL,walkela01,2,448,0.0
MVP,1936,NL,wanerpa01,29,80,0.0
MVP,2008,NL,sotoge01,41,448,0.0
MVP,1954,NL,thomafr03,24,336,0.0
MVP,1965,AL,olivato01,174,280,1.0
Rookie of the Year,2005,AL,blantjo01,6,140,0.0
MVP,1983,NL,oroscje01,14,336,0.0
MVP,1931,AL,rhyneha01,10,80,
MVP,1926,NL,rootch01,8,80,0.0
MVP,1968,AL,tovarce01,3,280,0.0
MVP,2007,AL,thomafr04,1,392,0.0
MVP,1926,NL,wanerpa01,15,80,
MVP,1913,AL,russere01,5,64,0.0
MVP,1927,AL,metzlal01,4,64,0.0
MVP,1946,AL,fellebo01,105,336,1.0
MVP,2003,NL,lopezja01,159,448,0.0
MVP,1952,NL,yuhased01,5,336,0.0
MVP,1992,AL,mussimi01,2,392,0.0
MVP,1973,AL,mayda01,65,336,0.0
MVP,2000,AL,rodrial01,218,392,4.0
MVP,1987,AL,puckeki01,201,392,0.0
MVP,1949,NL,sauerha01,8,336,0.0
Rookie of the Year,1988,AL,schoomi01,2,140,0.0
Cy Young,1975,NL,jonesra01,80,120,7.0
MVP,1968,AL,olivato01,5,280,0.0
MVP,1990,NL,sandbry01,151,336,0.0
MVP,1950,NL,furilca01,4,336,0.0
Rookie of the Year,2006,NL,johnsjo09,11,160,2.0
MVP,1925,AL,simmoal01,41,64,
MVP,1937,NL,hermabi01,19,80,0.0
MVP,1936,NL,camildo01,4,80,0.0
MVP,1934,AL,ferrewe01,16,80,
MVP,2009,AL,figgich01,31,392,0.0
MVP,1928,AL,heilmha01,4,64,0.0
Rookie of the Year,1981,AL,engleda01,4,140,0.0
MVP,1982,AL,lansfca01,1,392,0.0
Cy Young,2001,NL,schilcu01,98,160,2.0
MVP,1995,NL,bicheda01,251,392,6.0
MVP,1952,NL,baumhfr01,16,336,0.0
MVP,2006,AL,ortizda01,193,392,0.0
MVP,1991,AL,alomaro01,128,392,2.0
Cy Young,1999,NL,millwke01,36,160,1.0
Rookie of the Year,1982,AL,barfije01,1,140,0.0
MVP,1961,AL,berrayo01,2,280,0.0
MVP,2010,AL,soriara01,21,392,0.0
Cy Young,1976,AL,tiantlu01,10,120,0.0
Cy Young,1983,AL,guidrro01,5,140,0.0
MVP,1961,NL,clemero01,81,224,0.0
Cy Young,2006,AL,verlaju01,2,140,0.0
MVP,1966,NL,staubru01,4,280,0.0
Rookie of the Year,1973,NL,ceyro01,1,24,1.0
MVP,1976,NL,eastwra01,26,336,0.0
MVP,1935,NL,vaughar01,45,80,
MVP,2002,NL,gagneer01,44,448,0.0
MVP,2005,NL,Cabremi01,146,448,0.0
Cy Young,1989,NL,scottmi03,65,120,4.0
MVP,1996,NL,sosasa01,12,392,0.0
MVP,1996,AL,mcgwima01,100,392,0.0
MVP,1943,AL,applilu01,215,336,5.0
Cy Young,1994,NL,beckro01,1,140,0.0
MVP,1944,NL,marioma01,190,336,7.0
MVP,1913,AL,milancl01,8,64,0.0
MVP,1968,AL,howarfr01,63,280,0.0
MVP,1953,NL,roberro01,106,336,1.0
MVP,1952,AL,collijo01,2,336,0.0
MVP,1966,NL,maricju01,74,280,0.0
MVP,1960,AL,skowrbi01,56,336,0.0
MVP,1966,NL,perryga01,8,280,0.0
MVP,2008,NL,ramirma02,138,448,0.0
MVP,1980,AL,gossari01,218,392,4.0
MVP,1960,NL,spahnwa01,27,336,0.0
MVP,1947,NL,milleed03,2,336,0.0
MVP,1951,NL,maglisa01,153,336,1.0
Rookie of the Year,1980,AL,corbedo01,38,140,3.0
MVP,1992,AL,anderbr01,16,392,0.0
MVP,1911,AL,jacksjo01,28,64,0.0
MVP,1993,AL,alomaro01,102,392,0.0
MVP,1933,NL,schumha02,11,80,
MVP,2006,AL,hafnetr01,64,392,0.0
Cy Young,1987,NL,sutclri01,55,120,4.0
MVP,1978,AL,sundbji01,24,392,0.0
MVP,2001,AL,gonzaju03,156,392,0.0
MVP,1988,NL,coneda01,37,336,0.0
Cy Young,1973,NL,suttodo01,7,120,0.0
MVP,1998,NL,olerujo01,38,448,0.0
MVP,1993,AL,vaughmo01,8,392,0.0
MVP,1968,AL,harreke01,103,280,0.0
MVP,1982,NL,matthga01,2,336,0.0
Cy Young,2006,AL,santajo01,140,140,28.0
MVP,1964,AL,allisbo01,5,280,0.0
MVP,1939,NL,freylo01,8,336,0.0
MVP,1933,AL,myerbu01,5,80,0.0
MVP,1962,NL,howarfr01,32,280,0.0
Rookie of the Year,1985,AL,higuete01,67,140,9.0
MVP,1925,AL,rommeed01,7,64,0.0
MVP,1989,AL,puckeki01,84,392,0.0
Rookie of the Year,1983,NL,tunnele01,1,120,0.0
MVP,1936,NL,hartnga01,6,80,0.0
MVP,1943,AL,smithal03,19,336,0.0
MVP,1964,AL,howarel01,124,280,0.0
Cy Young,2004,AL,riverma01,27,140,0.0
Rookie of the Year,1953,AL,umphlto01,1,24,1.0
MVP,1950,AL,houttar01,6,336,0.0
MVP,1953,AL,piersji01,56,336,0.0
MVP,1953,NL,camparo01,297,336,17.0
MVP,2001,NL,bondsba01,438,448,30.0
MVP,1965,AL,richabo01,6,280,0.0
Cy Young,1996,AL,hillke01,1,140,0.0
MVP,1938,NL,coffmdi01,6,336,0.0
MVP,1913,AL,wagnehe01,6,64,0.0
Rookie of the Year,1982,AL,vandeed01,9,140,0.0
MVP,1932,NL,friscfr01,3,80,0.0
MVP,1959,NL,mayswi01,85,336,0.0
Rookie of the Year,1947,ML,baumhfr01,42,165,
Rookie of the Year,1959,AL,perryji01,5,24,5.0
MVP,1945,AL,stephve01,94,336,0.0
MVP,1973,NL,johnsda02,34,336,0.0
MVP,1989,NL,davisma01,76,336,0.0
MVP,1997,NL,aloumo01,60,392,0.0
MVP,1985,NL,tudorjo01,61,336,0.0
MVP,1994,AL,puckeki01,100,392,0.0
MVP,1953,NL,matheed01,216,336,3.0
MVP,2007,AL,hunteto01,5,392,0.0
MVP,1980,NL,garvest01,131,336,0.0
MVP,1998,AL,rodrial01,92,392,0.0
MVP,2003,NL,leede02,3,448,0.0
MVP,1936,NL,lombaer01,1,80,0.0
MVP,1938,NL,warnelo01,1,336,0.0
MVP,1973,AL,hunteca01,47,336,0.0
Cy Young,1972,AL,ryanno01,2,120,0.0
MVP,1995,NL,bellde01,12,392,0.0
MVP,1994,NL,aloumo01,183,392,0.0
MVP,1964,AL,stottme01,4,280,0.0
MVP,1988,NL,myersra01,3,336,0.0
MVP,1937,AL,moseswa01,12,80,0.0
MVP,1973,AL,robinfr02,21,336,0.0
MVP,1997,AL,thomeji01,89,392,0.0
MVP,1935,AL,whitejo02,4,80,0.0
MVP,1967,NL,hughedi01,10,280,0.0
Rookie of the Year,1984,NL,goodedw01,118,120,23.0
MVP,1956,NL,maglisa01,183,336,4.0
MVP,1941,AL,gordojo01,60,336,0.0
MVP,1922,AL,seweljo01,4,64,0.0
MVP,1946,NL,lowrepe01,2,336,0.0
MVP,1960,NL,pinsova01,6,336,0.0
MVP,1972,NL,marshmi01,22,336,0.0
MVP,1934,NL,hartnga01,9,80,0.0
MVP,1933,AL,dickebi01,9,80,0.0
MVP,1954,NL,mayswi01,283,336,16.0
MVP,1999,NL,guerrvl01,34,448,0.0
MVP,1982,NL,knighra01,1,336,0.0
MVP,1968,NL,gibsobo01,242,280,14.0
MVP,2004,NL,dunnad01,2,448,0.0
Rookie of the Year,1984,AL,teufeti01,5,140,0.0
MVP,2001,NL,klinest02,1,448,0.0
MVP,1924,NL,hartnga01,5,80,0.0
Rookie of the Year,1964,AL,bunkewa01,1,20,1.0
MVP,1948,NL,sainjo01,223,336,5.0
MVP,1961,AL,schilch01,4,280,0.0
MVP,1957,AL,piercbi02,35,336,0.0
Rookie of the Year,2002,NL,priorma01,3,160,0.0
MVP,1992,NL,walkela01,111,336,0.0
MVP,1957,AL,kalinal01,40,336,0.0
Cy Young,1999,AL,moyerja01,3,140,0.0
MVP,1999,AL,delgaca01,16,392,0.0
MVP,2003,AL,posadjo01,194,392,5.0
MVP,1945,AL,heathje01,10,336,0.0
MVP,1934,NL,friscfr01,4,80,0.0
Cy Young,2007,NL,valvejo01,2,160,0.0
Rookie of the Year,1954,AL,grimbo01,15,24,15.0
MVP,1941,AL,wrighta01,2,336,0.0
MVP,1978,NL,cabelen01,2,336,0.0
MVP,2003,NL,schmija01,7,448,0.0
Rookie of the Year,1987,AL,nokesma01,32,140,0.0
MVP,1999,AL,vizquom01,3,392,0.0
MVP,2012,NL,molinya01,241,448,1.0
MVP,1989,AL,ryanno01,2,392,0.0
Cy Young,1984,AL,hernawi01,88,140,12.0
MVP,1982,AL,yountro01,385,392,27.0
Cy Young,1981,NL,ryanno01,28,120,3.0
MVP,1938,AL,allenjo02,3,336,0.0
MVP,1990,AL,griffke02,7,392,0.0
MVP,1961,AL,donovdi01,5,280,0.0
MVP,1968,NL,koosmje01,14,280,0.0
Rookie of the Year,1989,AL,abbotji01,10,140,0.0
MVP,1964,NL,amaroru01,5,280,0.0
MVP,1970,NL,giustda01,72,336,0.0
MVP,1992,NL,vanslan01,145,336,0.0
MVP,1970,NL,gibsobo01,110,336,0.0
Rookie of the Year,1990,AL,mcdonbe01,2,140,0.0
Cy Young,1991,NL,glavito02,110,120,19.0
MVP,1982,AL,downibr01,22,392,0.0
MVP,1912,AL,woodjo02,22,64,
MVP,2011,NL,reyesjo01,31,448,0.0
MVP,1925,NL,wrighgl01,43,80,
MVP,1940,AL,gordojo01,3,336,0.0
MVP,1962,AL,siebeno01,53,280,0.0
MVP,1948,NL,hodgegi01,1,336,0.0
MVP,2004,AL,kotsama01,8,392,0.0
MVP,1996,NL,jordabr01,69,392,0.0
MVP,1961,NL,torrejo01,2,224,0.0
MVP,1972,AL,hunteca01,57,336,0.0
MVP,1989,NL,mitchke01,314,336,20.0
MVP,1924,NL,pinelba01,7,80,0.0
MVP,2009,AL,sabatcc01,4,392,0.0
MVP,1960,AL,wertzvi01,22,336,0.0
MVP,1992,AL,gonzaju03,15,392,0.0
MVP,1952,AL,dobyla01,46,336,0.0
MVP,2008,NL,lidgebr01,104,448,2.0
MVP,1987,AL,tartada01,10,392,0.0
Rookie of the Year,1997,NL,loiseri01,22,140,0.0
MVP,1988,AL,fernato01,1,392,0.0
MVP,1988,AL,molitpa01,50,392,0.0
Cy Young,2005,AL,riverma01,68,140,8.0
MVP,1994,NL,walkela01,23,392,0.0
MVP,1991,NL,smilejo01,5,336,0.0
MVP,1948,AL,dimagdo01,3,336,0.0
MVP,1992,AL,winfida01,141,392,2.0
MVP,1956,NL,mcmilro01,96,336,3.0
MVP,1994,NL,piazzmi01,121,392,0.0
MVP,2008,AL,penaca01,44,392,0.0
MVP,2005,NL,floydcl01,4,448,0.0
Cy Young,1973,NL,normafr01,3,120,0.0
MVP,1956,NL,burdele01,8,336,0.0
MVP,2004,AL,ramirma02,238,392,1.0
MVP,1975,AL,campabe01,6,336,0.0
MVP,1978,AL,munsoth01,9,392,0.0
MVP,1986,NL,schmimi01,287,336,15.0
MVP,2001,NL,aurilri01,20,448,0.0
MVP,1994,NL,willima04,281,392,0.0
MVP,1936,AL,bellbe01,10,80,
MVP,1945,AL,ferrida01,148,336,2.0
MVP,1976,AL,littema01,5,336,0.0
MVP,2005,NL,jonesan01,351,448,13.0
MVP,1956,NL,robinja02,17,336,0.0
Cy Young,2001,AL,mussimi01,2,140,0.0
MVP,2007,NL,pujolal01,50,448,0.0
MVP,1948,AL,brisslo01,5,336,0.0
Rookie of the Year,1977,AL,murraed02,12,28,12.0
MVP,2003,AL,wellsve01,84,392,1.0
Rookie of the Year,1994,AL,ramirma02,44,140,0.0
Rookie of the Year,2005,AL,kazmisc01,1,140,0.0
Cy Young,1975,AL,hunteca01,74,120,7.0
MVP,1975,AL,palmeji01,82,336,0.0
Rookie of the Year,1960,NL,herrepa01,4,24,4.0
MVP,1947,AL,mccahbi01,4,336,0.0
MVP,1966,NL,shawbo01,1,280,0.0
Cy Young,1997,NL,kileda01,7,140,0.0
MVP,1939,AL,ruffire01,116,336,0.0
MVP,1988,AL,greenmi01,242,392,0.0
MVP,1923,AL,ruelmu01,7,64,0.0
MVP,2012,AL,verlaju01,58,392,0.0
Rookie of the Year,1995,NL,verasqu01,14,140,0.0
MVP,1948,NL,darkal01,174,336,1.0
MVP,1961,AL,richabo01,1,280,0.0
Rookie of the Year,1977,AL,willsbu01,4,28,4.0
MVP,1982,NL,clarkja01,53,336,0.0
MVP,1995,NL,coninje01,1,392,0.0
MVP,1940,AL,hudsosi01,16,336,0.0
MVP,1935,NL,colliri02,2,80,0.0
MVP,1955,NL,frienbo01,10,336,0.0
MVP,1987,AL,gaettga01,47,392,0.0
MVP,2005,NL,edmonji01,4,448,0.0
MVP,1995,AL,johnsra05,111,392,0.0
MVP,2003,AL,tejadmi01,49,392,1.0
MVP,1928,AL,lazzeto01,27,64,
MVP,1961,NL,brosnji01,3,224,0.0
MVP,2008,NL,sabatcc01,121,448,0.0
MVP,1933,AL,gehrich01,32,80,0.0
MVP,1984,NL,dernibo01,6,336,0.0
MVP,1953,AL,portebo01,64,336,0.0
MVP,1969,NL,alouma01,6,336,0.0
Cy Young,1993,NL,swiftbi02,61,140,2.0
MVP,2006,AL,sizemgr01,24,392,0.0
MVP,1973,AL,jacksre01,336,336,24.0
Cy Young,2007,AL,hallaro01,1,140,0.0
MVP,1936,AL,gehrilo01,73,80,
MVP,1924,NL,youngro01,35,80,
MVP,2009,NL,hollima01,15,448,0.0
MVP,1984,AL,thornan01,5,392,0.0
MVP,1983,AL,luzingr01,9,392,0.0
MVP,1945,NL,barrejo01,8,336,0.0
MVP,1982,NL,murphda05,283,336,14.0
MVP,1926,AL,burnsge02,63,64,
MVP,1999,NL,willima04,269,448,2.0
Cy Young,1983,NL,hollaal01,4,120,0.0
Cy Young,1972,NL,gibsobo01,3,120,0.0
MVP,1940,NL,rizzojo01,3,336,0.0
MVP,1958,AL,mantlmi01,127,336,0.0
MVP,1993,NL,beckro01,23,392,0.0
MVP,1949,NL,raffeke01,8,336,0.0
MVP,2004,NL,smoltjo01,6,448,0.0
MVP,1978,NL,boonebo01,1,336,0.0
Rookie of the Year,2005,NL,vargaja01,1,160,0.0
MVP,1911,NL,schulfr01,29,64,
Cy Young,1998,AL,wellsda01,31,140,0.0
MVP,1956,AL,kucksjo01,2,336,0.0
MVP,2005,AL,figgich01,6,392,0.0
MVP,1982,AL,quiseda01,39,392,0.0
MVP,1937,NL,bartedi01,26,80,1.0
MVP,1959,NL,mccovwi01,1,336,0.0
MVP,1998,NL,lopezja01,1,448,0.0
MVP,1970,NL,johnsde01,4,336,0.0
MVP,1944,AL,doerrbo01,75,336,0.0
MVP,1926,AL,heilmha01,16,64,
MVP,1979,AL,coopece01,4,392,0.0
Rookie of the Year,1982,AL,gaettga01,4,140,0.0
MVP,1959,AL,shawbo01,8,336,0.0
MVP,1938,AL,foxxji01,305,336,19.0
MVP,1956,NL,aaronha01,146,336,0.0
Rookie of the Year,2005,NL,atkinga01,17,160,1.0
MVP,1998,AL,frymatr01,2,392,0.0
Rookie of the Year,2002,NL,foggjo01,3,160,0.0
MVP,1970,AL,smithre06,3,336,0.0
MVP,1922,AL,johnswa01,5,64,0.0
MVP,1957,AL,shantbo01,1,336,0.0
MVP,2001,NL,sosasa01,278,448,2.0
Cy Young,1974,NL,carrocl02,2,120,0.0
MVP,1934,NL,hermaba01,4,80,0.0
Cy Young,1978,AL,stanlbo01,1,140,0.0
MVP,1963,NL,tayloto02,10,280,0.0
MVP,1933,NL,kleinch01,48,80,
MVP,1971,AL,woodwi01,54,336,0.0
Rookie of the Year,1976,NL,cruzhe01,2,24,2.0
MVP,2001,AL,hunteto01,2,392,0.0
Cy Young,1957,ML,spahnwa01,15,16,15.0
Rookie of the Year,1996,AL,batisto01,1,140,0.0
MVP,1994,NL,saberbr01,1,392,0.0
